10
16
23
31
40
50
61
73
86
100
115
131
148
166
185
205
226
248
271
295
320
346
373
401
430
460
491
523
556
590
625
661
698
736
775
815
856
898
941
985
1030
1076
1123
1171
1220
1270
1321
1373
1426
1480
1535
1591
1648
1706
1765
1825
1886
1948
2011
2075
2140
2206
2273
2341
2410
2480
2551
2623
2696
2770
2845
2921
2998
3076
3155
3235
3316
3398
3481
3565
3650
3736
3823
3911
4000
4090
4181
4273
4366
4460
4555
4651
4748
4846
4945
5045
5146
5248
5351
5455
5560
5666
5773
5881
5990
6100
6211
6323
6436
6550
6665
6781
6898
7016
7135
7255
7376
7498
7621
7745
7870
7996
8123
8251
8380
8510
8641
8773
8906
9040
9175
9311
9448
9586
9725
9865
10006
10148
10291
10435
10580
10726
10873
11021
11170
11320
11471
11623
11776
11930
12085
12241
12398
12556
12715
12875
13036
13198
13361
13525
13690
13856
14023
14191
14360
14530
14701
14873
15046
15220
15395
15571
15748
15926
16105
16285
16466
16648
16831
17015
17200
17386
17573
17761
17950
18140
18331
18523
18716
18910
19105
19301
19498
19696
19895
20095
20296
20498
20701
20905
21110
21316
21523
21731
21940
22150
22361
22573
22786
23000
23215
23431
23648
23866
24085
24305
24526
24748
24971
25195
25420
25646
25873
26101
26330
26560
26791
27023
27256
27490
27725
27961
28198
28436
28675
28915
29156
29398
29641
29885
30130
30376
30623
30871
31120
31370
31621
31873
32126
32380
32635
32891
33148
33406
33665
33925
34186
34448
34711
34975
35240
35506
35773
36041
36310
36580
36851
37123
37396
37670
37945
38221
38498
38776
39055
39335
39616
39898
40181
40465
40750
41036
41323
41611
41900
42190
42481
42773
43066
43360
43655
43951
44248
44546
44845
45145
45446
45748
46051
46355
46660
46966
47273
47581
47890
48200
48511
48823
49136
49450
49765
50081
50398
50716
51035
51355
51676
51998
52321
52645
52970
53296
53623
53951
54280
54610
54941
55273
55606
55940
56275
56611
56948
57286
57625
57965
58306
58648
58991
59335
59680
60026
60373
60721
61070
61420
61771
62123
62476
62830
63185
63541
63898
64256
64615
64975
65336
65698
66061
66425
66790
67156
67523
67891
68260
68630
69001
69373
69746
70120
70495
70871
71248
71626
72005
72385
72766
73148
73531
73915
74300
74686
75073
75461
75850
76240
76631
77023
77416
77810
78205
78601
78998
79396
79795
80195
80596
80998
81401
81805
82210
82616
83023
83431
83840
84250
84661
85073
85486
85900
86315
86731
87148
87566
87985
88405
88826
89248
89671
90095
90520
90946
91373
91801
92230
92660
93091
93523
93956
94390
94825
95261
95698
96136
96575
97015
97456
97898
98341
98785
99230
99676
100123
100571
101020
101470
101921
102373
102826
103280
103735
104191
104648
105106
105565
106025
106486
106948
107411
107875
108340
108806
109273
109741
110210
110680
111151
111623
112096
112570
113045
113521
113998
114476
114955
115435
115916
116398
116881
117365
117850
118336
118823
119311
119800
120290
120781
121273
121766
122260
122755
123251
123748
124246
124745
125245
125746
126248
126251
